calc_eval_loss_interval: 381
denoiser_adam_lr: 1.3745488663779329e-05
denoiser_loss_b1: 0.48803387886673455
discriminator_adam_lr: 0.0003565004908213629
